
	Revenue: 386.0690002
	Expenses: 319.2790632
	Tax Rate: 1.0000002
	